16 8 2
36 20 2
38 20 2
40 20 2
42 20 2
44 20 2
46 20 2
48 20 2
50 20 2
52 20 2
56 28 2
58 28 2
60 28 2
62 28 2
64 28 2
68 28 2
100 50 2
122 50 2
124 50 2
126 50 2
128 50 2
130 50 2
132 50 2
134 50 2
198 82 2
200 82 2
202 82 2
204 82 2
206 82 2
208 82 2
210 82 2
212 82 2
214 82 2
34 14 2
36 16 2
38 18 2
42 22 2
50 22 2
52 24 2
54 26 2
86 36 2
88 38 2
90 40 2
92 42 2
94 44 2
96 46 2
98 48 2
134 52 2
136 54 2
138 56 2
140 58 2
142 60 2
144 62 2
146 64 2
148 66 2
150 68 2
152 70 2
206 80 2
210 84 2
212 86 2
214 88 2
216 90 2
218 92 2
16 8 3
40 20 3
42 20 3
44 20 3
48 20 3
58 28 3
60 28 3
62 28 3
64 28 3
112 50 3
114 50 3
116 50 3
118 50 3
120 50 3
122 50 3
124 50 3
204 82 3
206 82 3
208 82 3
36 16 3
50 22 3
52 24 3
54 26 3
88 38 3
90 40 3
92 42 3
138 56 3
142 60 3
16 8 8
40 20 8
42 20 8
44 20 8
48 20 8
60 28 8
62 28 8
64 28 8
112 50 8
114 50 8
116 50 8
118 50 8
122 50 8
124 50 8
204 82 8
206 82 8
208 82 8
36 16 8
50 22 8
52 24 8
54 26 8
88 38 8
90 40 8
92 42 8
138 56 8
142 60 8
16 8 7
40 20 7
42 20 7
44 20 7
46 20 7
48 20 7
50 20 7
52 20 7
58 26 7
56 28 7
58 28 7
60 28 7
62 28 7
64 28 7
108 50 7
112 50 7
114 50 7
116 50 7
118 50 7
120 50 7
122 50 7
124 50 7
198 82 7
200 82 7
202 82 7
204 82 7
206 82 7
208 82 7
210 82 7
212 82 7
214 82 7
36 16 7
38 18 7
50 22 7
52 24 7
54 26 7
86 36 7
88 38 7
90 40 7
92 42 7
136 54 7
138 56 7
140 58 7
142 60 7
144 62 7
146 64 7
148 66 7
150 68 7
206 80 7
210 84 7
212 86 7
214 88 7
16 8 6
40 20 6
48 20 6
132 50 6
208 82 6
16 8 5
40 20 5
132 50 5
208 82 5
208 82 5
48 20 4
44 20 4
52 20 4
42 20 1
116 50 1
118 50 1
120 50 1
122 50 1
34 14 0
86 36 0
88 38 0
90 40 0
92 42 0
134 52 0
136 54 0
138 56 0
140 58 0
212 86 0
214 88 0
