5.094607120592017147e+00 6.412367471990987333e+00
4.314406778846713308e+00 5.521085529788791746e+00
4.583357933350074909e+00 4.917634369710952136e+00
4.046770601339567897e+00 5.189211120772303509e+00
3.946016658988299675e+00 4.926639674518148659e+00
3.910199589377355345e+00 4.709612343075823659e+00
3.980634547061038031e+00 4.608684871593832000e+00
4.047237001181808402e+00 4.339511559898012294e+00
3.974971125363017777e+00 4.232601898258171680e+00
3.916977587166460051e+00 4.127628207015776596e+00
3.802116190382114347e+00 4.070445481585138303e+00
3.689511960343903940e+00 4.232662938455277413e+00
3.565879820358901053e+00 4.131838863183592281e+00
3.593405279621816106e+00 3.992051592404732840e+00
3.543532541847049799e+00 3.843663947731893238e+00
3.498881662878233545e+00 3.836683484816658662e+00
3.281230891771216296e+00 3.856856717375512389e+00
3.182512060982788604e+00 3.872347122551873966e+00
3.242115976549014622e+00 3.805614166519564190e+00
3.051812214610722496e+00 3.809476996519406189e+00
3.279281195858203102e+00 3.769559109095804494e+00
3.069682056301398454e+00 3.721800200051344376e+00
3.012365961546831894e+00 3.620760800405867119e+00
2.989053991646473563e+00 3.553094927562103766e+00
3.081939255071238559e+00 3.491203476078556189e+00
2.925905123846181954e+00 3.554982086599592694e+00
2.908500163309303943e+00 3.526783695705320909e+00
2.834643168159567406e+00 3.403286184488165667e+00
2.963876397190135403e+00 3.404989104242039488e+00
2.910058892016816223e+00 3.392395800764583580e+00
2.864294757859840779e+00 3.283904377043980194e+00
3.016751931636023176e+00 3.279393349803083613e+00
2.855786394484590041e+00 3.444913119843841631e+00
2.883705664558498860e+00 3.416950931348731402e+00
2.866336070217766707e+00 3.609736197410892800e+00
2.903357965180300759e+00 3.534579110990076156e+00
2.837258756912597768e+00 3.468805764718153384e+00
2.970372367758255194e+00 3.380227659365720339e+00
2.914433164091611239e+00 3.446434112496923774e+00
2.800841403186854262e+00 3.435627967662266080e+00
2.855828095072832973e+00 3.339839568263676561e+00
2.760516208776947256e+00 3.288238050161039094e+00
2.836869107909785637e+00 3.319890638160459151e+00
2.854316148235546358e+00 3.244543554308640942e+00
2.718462598323033497e+00 3.269861480035743284e+00
2.712835690378160525e+00 3.236506005125697527e+00
2.795100346489316934e+00 3.227367875720792867e+00
2.620781468574678197e+00 3.149942902718804394e+00
2.823497894494903626e+00 3.182220162543182962e+00
2.767396495507138621e+00 3.130106404811236587e+00
2.800417287717650527e+00 3.177203259593243789e+00
2.613991813441811640e+00 3.115637430871918578e+00
2.807451866685273689e+00 3.113145341386131193e+00
2.552081893835949078e+00 3.092435907614925927e+00
2.647716820644870683e+00 3.089646478035431354e+00
2.602250946976775836e+00 3.083371982012693469e+00
2.611244677136276948e+00 3.070475173254785251e+00
2.606318185355604555e+00 3.081634426008764915e+00
2.618796903780959973e+00 3.058228940440865795e+00
2.692062407067945529e+00 3.069438728326383981e+00
2.534777474000332820e+00 3.028281471751977705e+00
2.563698746893849023e+00 3.122568176923146144e+00
2.548160428940943856e+00 3.067101582484861311e+00
2.520496720607823260e+00 3.007777305985209093e+00
2.475246301755332112e+00 2.953641850655591927e+00
2.462077297197021064e+00 3.021069956528112055e+00
2.445485475481389948e+00 2.981834948094834292e+00
2.412394765536028274e+00 2.968988684451022486e+00
2.452759637388496117e+00 2.927279525940021720e+00
2.468053858980214343e+00 2.938881979356687602e+00
2.433297911246452117e+00 2.940815124463026731e+00
2.440742819185647061e+00 2.925381984524140666e+00
2.460357765467658719e+00 2.904171675745297332e+00
2.424684267351551625e+00 2.899926841148749990e+00
2.398694944417298025e+00 2.918497142685552159e+00
2.392761752298337541e+00 2.887038052064424765e+00
2.353140326975045493e+00 2.882406936867003111e+00
2.332006657923404003e+00 2.937981628658439259e+00
2.322226486104656651e+00 2.918114352858633520e+00
2.331358172556357466e+00 2.887639817968460587e+00
2.295227629597473840e+00 3.057404842889452024e+00
2.295250650143520588e+00 3.019465969143647399e+00
2.284868848116793583e+00 3.136240197965411980e+00
2.272441907853198106e+00 2.990385738966679252e+00
2.388154251616753321e+00 2.948312483005544937e+00
2.273470994037671389e+00 2.928726561316340238e+00
2.371818882030428011e+00 3.271042044650226632e+00
2.438899039700890725e+00 3.627973415017176517e+00
2.355283731902143352e+00 3.694754423213674865e+00
2.418314552065016887e+00 3.599864650294914536e+00
2.339356021747191150e+00 3.670743875705629655e+00
2.313735029363955586e+00 3.658447068146235548e+00
2.343615372477589442e+00 3.562354920134420677e+00
2.394272522804321124e+00 3.490351549235470419e+00
2.371569553872972858e+00 3.480039956709259474e+00
2.346886677276919464e+00 3.400727468552115162e+00
2.345428789936230718e+00 3.292706428357573323e+00
2.257987871785938072e+00 3.289369098849243667e+00
2.303919383010490041e+00 3.308606165899564466e+00
2.339058760887824384e+00 3.231130935676338467e+00
2.300220303209546291e+00 3.103953067884539951e+00
2.251411040612426806e+00 3.035801470048248518e+00
2.287707655593818945e+00 3.024292094128377517e+00
2.323228304231713448e+00 3.018464234478214436e+00
2.259282731657564103e+00 3.284970356772106470e+00
2.327202324569875636e+00 3.334006419964691048e+00
2.267939023165315149e+00 3.643083306229220053e+00
2.262396802908127391e+00 3.570294489061762278e+00
2.244425123543061673e+00 3.513581572997420466e+00
2.132171418369970706e+00 3.464103986658511936e+00
2.228799208286988520e+00 3.419113085511374717e+00
2.268461672380656324e+00 3.350729717780295935e+00
2.154704854767238498e+00 3.260647372252856169e+00
2.166209150522325100e+00 3.281354522098413717e+00
2.217184519576462343e+00 3.209070892684980691e+00
2.183989893132232574e+00 3.166942150224657748e+00
2.091957267315925684e+00 3.187841979201372133e+00
2.323323044183588593e+00 3.100372722027476158e+00
2.190379016122756983e+00 3.171022308490568875e+00
2.157858195696674919e+00 3.144826538508680436e+00
2.270062537610666009e+00 3.058497138459163267e+00
2.154870124136741172e+00 2.937065718851802565e+00
2.133897190455668724e+00 2.965647922719704344e+00
2.244799531576879392e+00 2.992160639714766646e+00
2.209332755157709993e+00 2.949162897272266992e+00
2.140949692992093034e+00 2.877623789292964140e+00
2.166199997198195337e+00 2.853720525670440988e+00
2.115362979907905228e+00 2.771810070308863061e+00
2.153073894544112132e+00 2.867390420221898939e+00
2.133489667626629060e+00 2.747702920010997918e+00
2.271470916589028555e+00 2.734906189777949415e+00
2.171049573049867121e+00 2.730108817919173703e+00
2.158174398522504589e+00 2.667519531150633227e+00
2.188120393068081704e+00 2.712704113608706447e+00
2.208747369966490570e+00 2.628402878589235936e+00
2.284828890873756624e+00 2.607514853918845965e+00
2.099692698236662380e+00 2.645984301527815497e+00
2.202562394260247913e+00 2.575678766771556383e+00
2.187489691293031946e+00 2.556489318919203502e+00
2.209501379117266850e+00 2.583910184193686899e+00
2.139629430459655701e+00 2.572708223142052830e+00
2.142413712937118575e+00 2.610558954225469019e+00
2.228887116812557245e+00 2.584204868609539130e+00
2.109708193793132125e+00 2.542420736883375998e+00
2.264281798930862788e+00 2.548956208028064552e+00
2.166343437789924664e+00 2.511383884573332725e+00
2.219781219314552079e+00 2.488721799239865362e+00
2.202377693310721529e+00 2.470301226667658945e+00
2.085366654217344795e+00 2.448225525726505758e+00
2.168849840567349307e+00 2.470172230882401010e+00
2.119859724055051853e+00 2.451279598014334926e+00
2.072159802988143174e+00 2.622409605323633208e+00
2.190227282717127633e+00 2.420967102187473685e+00
2.095945663555792926e+00 2.813854636659610442e+00
2.290735706881226630e+00 3.746531627453048241e+00
2.410577923443147252e+00 3.742296585259913488e+00
2.435073838187650885e+00 4.233229627583781962e+00
2.253802226964725097e+00 4.324572444530206283e+00
2.133284669742488759e+00 4.295873926690786604e+00
2.288697066912278366e+00 4.202091480983582095e+00
2.316789176654403537e+00 4.135156303314645676e+00
2.378551000935968940e+00 3.974566807003597102e+00
2.271580504408816648e+00 3.827962898425375737e+00
2.198313364864620034e+00 3.803377240976076212e+00
2.239589660806596605e+00 3.705688066846047235e+00
2.252391836273645698e+00 3.635073923747570657e+00
2.326203414511575751e+00 3.619581949141809751e+00
2.169984614500639175e+00 3.565120827615004373e+00
2.306880680748685464e+00 3.500049046704999167e+00
2.044493150065672893e+00 3.407219392415629766e+00
2.160369237114962537e+00 3.409156085516445778e+00
2.024620579639877960e+00 3.346428804077942409e+00
2.164283930249016663e+00 3.310510236757411295e+00
2.081336076464861407e+00 3.220047118765240857e+00
2.116352295746838141e+00 3.225988161770311446e+00
2.091503874622092862e+00 3.240934129476429337e+00
2.021834558037038931e+00 3.211751075833363611e+00
2.100045691923116742e+00 3.164487954608924181e+00
2.024259618822008999e+00 3.115253420350302171e+00
2.180212648147695109e+00 3.188005444527187482e+00
2.057923427578159714e+00 3.173468073626028119e+00
2.084212332741542717e+00 3.191293076456118261e+00
2.063486257433565729e+00 3.220917084314154355e+00
2.050362196685814986e+00 3.127862252466060422e+00
2.025905203340550464e+00 3.290204253441474602e+00
2.115998908842599668e+00 3.186087199185155150e+00
1.987894929124577326e+00 3.019081096305916923e+00
2.038105707656324483e+00 3.138563709050852690e+00
1.977939251460073544e+00 2.979077901470900347e+00
2.028828540663452085e+00 3.025231045468544711e+00
2.091400970485770117e+00 3.117185911441248791e+00
1.995497672332496863e+00 3.093256731364565137e+00
2.151604676209652567e+00 2.996024428430896780e+00
2.162965264788760056e+00 2.945284567024250233e+00
2.011666571948951709e+00 3.093679215255177972e+00
2.143938363000791991e+00 2.934557713996628348e+00
1.979681977892537637e+00 2.955887203961667709e+00
2.089052434860414920e+00 3.005553457718381782e+00
1.984097336822321145e+00 2.964609153126814611e+00
2.041837648658870741e+00 2.909524166094214159e+00
1.974131273048818080e+00 3.002504507518467314e+00
2.025851330027144126e+00 2.911853024054297912e+00
1.979377518646661560e+00 2.831394214668073062e+00
2.097537524471586590e+00 2.916062319423707194e+00
1.949947087415056179e+00 2.921280021065955523e+00
2.141961275221458738e+00 2.823600833587722736e+00
2.025983062582571659e+00 2.835395090550056452e+00
2.100460658322934382e+00 2.851966490306781843e+00
2.043710256385801838e+00 2.796916502518881575e+00
2.152402477785542612e+00 2.826627868267771237e+00
2.247992388322312074e+00 2.801650353093585455e+00
2.447563068311528145e+00 2.776179460021324541e+00
2.254865196909954683e+00 2.791875076118249144e+00
2.109793861719682528e+00 2.758504116523726957e+00
2.088202687629591825e+00 2.750187076593318292e+00
2.137636616199144246e+00 2.751318306533753866e+00
2.153410231649893536e+00 2.739628306878516106e+00
2.169419181697096466e+00 2.736776773165117582e+00
2.075899179576054632e+00 2.726294968779507943e+00
2.024733022308273789e+00 2.724739910664673914e+00
2.019220463884844552e+00 2.721514343742578834e+00
2.078880546625719195e+00 2.723142677352200280e+00
2.069048401695394723e+00 2.704580007662996888e+00
1.972944772939822400e+00 2.698436533771709556e+00
2.027424679605140945e+00 2.699992545059752835e+00
2.045007782273163599e+00 2.698226632367176414e+00
1.982376754119340667e+00 2.683606487981457622e+00
1.984830631366856224e+00 2.687149185012332353e+00
2.025610430796387362e+00 2.677308741327720565e+00
2.039819152429592108e+00 2.681137550034433215e+00
1.935919240909537598e+00 2.667313502531881486e+00
2.031525103004986565e+00 2.676978765706581331e+00
2.002907900854818291e+00 2.654551688008452537e+00
1.977136615246899876e+00 2.654175841463715102e+00
2.020002584168900661e+00 2.643739186536517849e+00
1.946535205526586099e+00 2.655737877120669665e+00
1.966095620943932643e+00 2.643686145439775537e+00
1.984188135228659222e+00 2.644196709462030004e+00
1.917398392927263551e+00 2.633637259501304229e+00
1.927076801120893412e+00 2.635452049046719036e+00
1.936784488409438731e+00 2.624589816104995421e+00
1.926142015481414616e+00 2.627684421351504263e+00
1.933761863861610975e+00 2.615212418637292480e+00
1.918261771749857791e+00 2.617165080650117659e+00
1.908553881395032903e+00 2.620015532658537261e+00
1.916220033008918966e+00 2.607114199567355239e+00
1.905090947928894662e+00 2.605395357573975001e+00
1.905967122804138159e+00 2.599347939525903151e+00
1.896759043728491800e+00 2.594668954604868016e+00
1.915080892349264818e+00 2.591811945218394087e+00
