-9.717527833354407119e-02 -7.323730492678477699e-02 -3.300589977357027555e-02 -7.028760796625797835e-02 1.653356958948858091e-02 -2.044386522952738178e-02
4.736077820012238315e-02 -3.130956987274099296e-02 -7.353730239892221354e-02 -7.420112324240115634e-04 1.376445240664142533e-02 -3.706837224359691568e-02
2.200886510339607194e-02 5.590591607925767675e-02 -3.567995589204227963e-02 -3.114237159565171401e-02 6.339057349951464360e-02 -4.166061004742638990e-02
-2.334909667922330234e-02 -5.978136953642017304e-02 -4.148227241803337934e-02 5.131022730848232294e-02 1.372526336270720737e-01 -4.892903423137767022e-02
-1.811893900619268929e-02 5.512919022832277541e-03 4.122587052612984582e-02 -1.035026771791507268e-02 -7.372791211950956158e-02 -7.569088078011668164e-03
1.083871660324108206e-02 9.144925612772386581e-02 -1.226643413516955161e-01 3.137208024793323308e-02 8.942993038236489445e-02 4.499425215693207691e-02
-2.709529171392763280e-03 5.178641916378044774e-02 -7.136018867115627440e-02 -5.707736786563855774e-02 -1.390387647153516412e-02 1.538626352758092064e-02
-1.003175134798041206e-02 5.796275401930247803e-03 -1.808911179641661121e-02 -1.441543421608031637e-02 -2.364348258919311135e-02 -1.546464522800366018e-02
7.895224190312127854e-02 -2.052327250608581254e-03 -1.534423125940460354e-02 1.588712575668710936e-01 -2.102849525668603475e-02 4.206833458541590909e-02
4.580693492470478551e-02 -3.842423755046742856e-02 -1.281494901000912977e-02 1.024331470780266568e-01 -1.473035212720806564e-01 6.072619173733347780e-02
-3.392096394812892796e-02 1.537991215766528752e-01 3.833013858035085389e-03 -5.500399265229724555e-02 2.137240309049317707e-02 7.215260875099037408e-02
-1.388035710525117698e-02 -1.034763110740197396e-02 9.715520157980096078e-03 2.860545042389068052e-02 -1.762510144021614197e-02 1.932680416805487508e-02
6.471482291325003633e-02 1.173920620563933259e-01 7.232000643600412781e-02 1.682286358396649084e-01 1.556708277616078995e-01 3.405315814284776144e-02
3.389550078741931927e-02 -1.356335164422042133e-02 2.962709961153437918e-02 3.061413832368359809e-03 5.712893647668039476e-02 -9.475226403335341996e-02
-3.786920319629032833e-02 -9.098784654929457927e-02 1.038159997591752426e-01 3.553287875808382179e-02 -9.208679119419872772e-02 -4.212359963062237145e-02
-6.366753195021281064e-02 -3.551791415995894652e-02 1.658083349785023294e-02 -1.822940517080734457e-02 -1.108261565646222468e-01 -5.927139071550847210e-02
-1.865375021952857260e-01 -4.360764373261026561e-02 4.780476897928907787e-02 -4.755179813263132188e-02 1.772038254908413213e-02 -1.145718918284972278e-02
-2.600838068350960156e-03 5.046070401262231497e-02 2.504159754624970743e-02 9.421687154387242691e-02 9.396460824349435470e-02 -3.304801450944480634e-02
2.772524706366117156e-02 -4.727048074283428380e-02 -7.678590562390938401e-02 2.548130649450230933e-02 -6.629973417237103317e-02 -2.860776792624116979e-02
-6.359328966932795146e-02 -3.330111564728979734e-02 -1.199562501591849434e-01 7.306863031164700928e-02 4.916395963380063017e-02 1.449692221365998616e-02
4.905389412981592950e-02 1.890436742064749431e-01 -7.460541016685451332e-02 6.523133556654951704e-02 -1.323048792809770023e-02 1.042365425635663340e-01
5.864782762738397076e-02 1.280401276301519897e-01 1.278477086384410266e-01 5.010407366160524872e-02 -5.850639528772311193e-02 -1.052535638347211061e-01
-2.652799335209359358e-02 1.580492964563373973e-02 -9.376196517279235254e-02 3.349739692405075131e-03 -1.455435631910878894e-02 -2.011997422897988247e-02
6.138405370388354959e-03 2.947731689481617942e-02 -8.056737351273833558e-02 6.146362891220598368e-02 1.436003950886106419e-02 -4.305958987436325075e-02
3.221677372863175626e-02 2.505883663980482470e-02 -2.299390833580825660e-02 8.383569734442464227e-02 -4.663640580140566809e-03 2.482747951007473544e-02
2.413973405468344824e-02 4.526164879983776701e-02 1.541461351617375540e-02 -2.325432751256497829e-02 -1.244591831809400799e-02 -4.743667923070093301e-02
7.473539487156054262e-02 -8.856119491748240535e-02 2.313624581720579582e-02 4.484794445442080030e-02 -1.037034674827456426e-01 -8.106413959764560695e-02
-4.795426793122531395e-02 -2.895169623627634817e-02 -2.183455016602312351e-02 4.921046881498804954e-02 -6.320990783459906615e-02 -8.265898159586849980e-02
5.508086239346328405e-02 1.502683196231403284e-01 -2.728541489353359523e-02 9.392810084429024930e-02 -8.655209926314555435e-02 -1.381215764627807818e-01
-1.230529828378920110e-01 -7.225545051205962098e-03 -2.290272488931685002e-01 1.320841079211918234e-01 8.251340085756415921e-02 -8.587060402888394006e-02
-3.560490341713629103e-02 1.116977335437016189e-01 -1.662640082337653313e-01 -9.374435235603692518e-02 -6.083650670449685521e-02 -1.902715580972882681e-01
-8.898076754523082110e-02 1.143864615307089820e-02 1.079665986918188110e-02 1.452614412944446542e-01 -3.954999446162001803e-02 -1.529984850570161869e-01
-1.718712035291257781e-02 1.842153486770751469e-01 -5.496357263470436766e-02 3.874673831132359469e-02 -6.749449538726305653e-02 -1.886991255905975384e-01
-3.691531334530048086e-02 -6.606696545908022355e-02 2.310066742534863399e-03 -1.118342919374342992e-01 -2.664233227451658428e-02 -9.973306277656455998e-02
2.001531365072925853e-02 -7.454488230831138491e-03 -1.458292053849756797e-01 -8.134940858029267655e-03 -2.253086966128472340e-02 5.309308638695763721e-02
-9.763773890804778796e-03 -3.194870817597685042e-02 4.792497325647722406e-02 -3.302104683421380749e-02 -9.407724355302217456e-02 -4.144393215565454758e-02
6.105693450584456089e-02 1.716811315808426663e-02 6.272371573609973605e-02 1.662007679250924672e-02 -1.958829255233922317e-02 -4.449577973283508348e-02
4.874031633629491433e-02 4.930616230459836796e-02 -8.096866810828528757e-03 2.305483358771704284e-03 1.183462505826024525e-01 -8.513404580540311073e-02
-3.082517808317317490e-03 1.381385058147703293e-01 -1.164777423432493582e-02 2.849421096758289126e-02 1.567619463365115540e-01 4.091066098002940632e-02
5.016629931858226921e-02 9.576996608302608752e-03 -4.861277406607256331e-03 -2.081745975557158443e-02 -1.980049466395454941e-02 -3.073023274931327431e-02
4.751547203833366047e-03 -2.944949636577162601e-03 -1.257062508264313594e-01 9.475612638714017016e-03 -1.023504004904392667e-01 4.503247918063148919e-02
5.114799483498189137e-02 -1.523732364382505110e-02 -7.433570813897420748e-02 -6.502954443358492653e-02 -7.172297452641814008e-02 -1.555010219107353930e-01
1.616448658913551689e-02 6.033477918832223785e-02 -5.478144254706095173e-02 1.589193940702482433e-02 -9.075419883068468543e-03 -6.725531692527776662e-02
-3.997481456851925859e-03 1.544334255318517424e-01 2.346489359583534690e-02 -4.082679793397429174e-02 -1.319780237804275835e-01 -9.243930593556683867e-03
-1.670368830090622828e-02 -6.871998227956328809e-02 -1.342039111180256261e-01 2.411843943651298047e-02 3.766521168740630081e-03 -1.676400409959511589e-02
-1.565794928329380387e-01 -2.343875168687231322e-02 3.348321808598432592e-02 -3.743186527505833888e-02 -8.086237373206414669e-02 2.370948305949254625e-02
1.423508584040411931e-02 -5.406480629894785950e-02 -4.243529332020255264e-03 7.881524390001881653e-02 1.322410877402558846e-02 -4.869383712463798419e-02
-7.952543143298353157e-02 2.198360936852305353e-02 2.033993393611266409e-02 1.127520196871806268e-02 3.506147102486027733e-02 -1.306976607457532025e-01
2.861629598408472336e-02 8.222347043047606441e-02 -8.439584319751443353e-02 4.914800408829703843e-02 -9.865092112736033314e-02 -3.331838139526840936e-02
-6.778196259214658292e-02 3.164341012015794291e-02 -4.224980427353278861e-02 1.313113313614478195e-01 -1.078591842900056448e-02 -5.061352481350855914e-02
-2.405724075435574857e-02 -2.058477850522848554e-02 2.105251934077738071e-02 1.581129525151240278e-01 -3.022147977877006134e-02 -1.435212408203131729e-01
-4.960696412237523834e-02 1.755972515954354329e-02 -4.111925689534892681e-02 -8.010919120608818098e-03 3.377005163427795192e-02 -9.587825530317362066e-02
5.462452643736554619e-02 4.873569470665830433e-02 -8.610230269688302907e-02 7.749266673442777031e-02 -6.062874466410093921e-02 -1.158352395219868630e-02
-1.354990032146035916e-01 1.618243000752163201e-03 7.468554735279880029e-03 1.185991235364810131e-01 -4.206156625042289932e-02 4.478594741149566349e-02
-3.614041456027406590e-02 7.310380804514711797e-03 6.444474235850417216e-05 5.262387660681763085e-02 8.518916910876619952e-02 -1.344540139541234580e-01
2.838432570353303930e-02 -1.089873721911823329e-01 -3.967420763179894949e-02 2.562989296056510796e-03 -1.227614585546063231e-01 -1.616064269775624451e-01
-3.286484070779139427e-02 5.413944858158932505e-02 1.446342717373291509e-01 3.669628163804015270e-02 -1.271247843184616366e-01 -8.517624179987849653e-02
6.268863024498771974e-02 1.903841136988523516e-02 -2.215831609639062616e-01 1.437752185402396687e-01 -3.774969170319978501e-02 -9.104568558448884741e-02
-2.299638725230193984e-02 1.672970865564581966e-01 -6.902022614566866165e-02 -2.955752748187790921e-02 -5.915442116782337889e-02 -2.004425485109123661e-01
-1.048847591528976608e-01 5.072883635143978637e-02 -9.128305075291430482e-02 1.534425498568355029e-01 -1.364430888645295492e-01 -9.139680723450264999e-02
-1.220554429425762671e-01 5.433032412529040234e-02 -1.496445244598484103e-01 2.209324993245246616e-01 2.436958965304476810e-02 -1.354355565555203922e-01
-5.912541895392956631e-02 1.002218217461506716e-01 -6.255980664420700277e-02 2.697448820309105710e-01 -7.745627108265950612e-03 -1.096149823438242049e-01
-1.651295264701882204e-01 6.404959761540753027e-02 -1.271613148540139682e-01 -2.087121876890285499e-02 4.666356977905049969e-02 -1.646152743664806573e-01
2.976327464660014077e-02 8.399748129095863103e-02 -1.430855755778593676e-02 -5.380240143149578325e-02 -1.212350610666827495e-03 2.111820314185878372e-02
4.250540773973031372e-02 -1.380860951183838017e-02 6.470761646840493542e-02 1.061009780363743882e-01 -2.382910213679916706e-02 7.301609390768128149e-02
1.910111118459029422e-01 7.647255684372901430e-02 2.592825862283752725e-02 1.616164980557886766e-02 2.319626781062814058e-02 -4.877439315063240161e-02
5.513011639660704566e-02 -4.288600867409975148e-02 -3.961917364675152098e-02 -2.959683004394250694e-02 -3.632212692149960898e-02 -7.299777045444811674e-04
2.984037598907460231e-02 -4.375228613862641724e-02 -2.912060991951031033e-02 -1.044681046696254723e-01 6.500809127944107146e-02 -7.955277775436357668e-02
-3.709045829643604214e-02 -4.286673261816681402e-02 -3.714282285899990488e-02 -2.952623610681680624e-02 9.084350836849845734e-02 6.454290412318543571e-03
2.715879538724338960e-01 -3.446286355364083006e-03 -4.435574891716958373e-03 1.433950303389527371e-02 -5.210456805060870861e-02 -8.574681846234558091e-02
3.935032834081763492e-02 -5.432812403940339568e-02 -7.866659590758261211e-02 5.093449758657891263e-02 7.974574886521219874e-02 2.587845252228374027e-02
4.115548573650991415e-02 -1.850683758205813947e-02 -2.122152059522412412e-02 2.956023864898946543e-02 -8.885836798485239121e-03 3.866978733455984918e-02
-2.597450012104293715e-02 -4.034813350233350943e-02 -1.163496593220919237e-02 -7.560029761601465281e-02 1.041585703945555330e-01 -9.567230857055965265e-02
8.326423360732143272e-03 -3.210823682784937072e-02 -1.179663307508216769e-01 -6.684900167298486739e-02 -2.915580372270192705e-02 2.140448824441219464e-02
3.432240188017470633e-02 -3.068186639392551929e-02 -8.473248963336468820e-02 -1.128384679378290067e-01 -4.421043074535127571e-02 -4.283340808010184519e-02
3.499694420441340492e-02 -1.181858095721472074e-01 3.183909763222774608e-02 3.255173821462408607e-02 9.760801453329633753e-03 -8.317750154651057382e-02
-8.384065182154804008e-02 2.942387557740620829e-02 1.186413524973447186e-03 -1.574968831697482752e-01 9.966932813950979408e-02 -4.565106547335474191e-02
-5.865319595478708792e-02 -4.863201325689330001e-02 3.746946585824707104e-02 -3.176164531556299742e-02 4.642521883531558480e-02 -2.214649536452890921e-02
2.324566843926674856e-02 -1.018128516006164136e-01 -9.708922156091995270e-02 -2.535141533072072725e-02 4.868398419025793400e-02 -3.160813433388266758e-02
8.903479368505582553e-03 -1.328865341932866373e-01 -1.541948039950995775e-01 -7.466737265260781076e-02 -6.132513577102628038e-02 3.780682475325736897e-02
1.311570029196549858e-01 9.620182657985612562e-02 -4.581061091322217310e-02 -6.493033790854517776e-03 -6.952927838808248273e-02 1.038238146619012564e-01
6.757523334702729423e-02 3.915356783294292320e-02 -9.306029583820674914e-04 -2.326665906661031652e-02 1.130916255076596655e-01 -1.854833033501279357e-02
-3.420133582127792005e-02 -1.632460004554917021e-01 -9.352886489064407560e-02 -2.485751707792917178e-03 3.961275322947616084e-02 -4.477148496366981784e-02
7.984567711168188975e-02 6.073187279136175315e-02 -5.839787682839929495e-02 -2.000221331531119515e-02 -7.420435860165057636e-03 6.523941970874176655e-02
1.156426442114883921e-02 -2.423683626475547481e-03 1.803516291778024458e-02 9.749825261816286170e-02 -4.562310459829553751e-03 1.077184718127853214e-01
2.355024991988392130e-02 -3.371320670818029469e-02 3.175505935693081344e-02 -9.571359335945935076e-02 -1.019997560855769453e-01 -1.725648638602390525e-02
5.411134171257291764e-02 -7.277119675954071831e-02 -2.225715149668328063e-02 -1.043916027283950387e-02 5.022753660344873861e-02 -4.786087491801699345e-02
-6.908929657237754263e-02 -3.609701052823943018e-02 3.729630576512911466e-02 -3.583505727163182469e-02 6.197346543950062181e-02 1.190094776121325762e-02
1.865739658265059414e-02 -4.350236186378585168e-02 7.175739539955547364e-02 -4.369731118055334568e-02 -8.189664005546819225e-02 -9.609386252880573395e-03
1.086841452737878772e-01 -2.191828368056423365e-02 -2.180977634894012279e-02 -1.944836615061294738e-02 -5.619778445215332235e-02 -3.591430240258733364e-02
3.044200381268180600e-02 -1.163834554499482143e-02 -3.888051434358322928e-02 6.724007730319864207e-02 3.361257007705372672e-03 5.762631072140012717e-02
1.611182510122637912e-01 2.889222037105931840e-02 -3.021373851152615864e-02 3.667758967367626410e-02 2.447889829926886730e-03 -4.193793368267859784e-02
-4.835628390300320684e-02 2.984450883207629898e-02 -5.962308311926413362e-02 -3.160239001203706682e-02 8.229630891307496143e-02 5.265675528089178853e-02
-6.651906930695826448e-02 -3.729828897635625168e-02 -5.246547421811802170e-02 -5.795924233817232457e-02 -2.758866614153078489e-02 4.774322059740104818e-02
3.556663055633407095e-02 6.221630561529483544e-02 -5.647560624136983842e-02 -5.324342282148799427e-02 6.634988127439699068e-02 3.268559228414548868e-03
1.123508631156823999e-02 -7.362685119834939951e-02 4.028643425244893966e-02 4.288708768382880343e-02 6.749723926223832882e-02 -4.453739371911724643e-02
1.510298274127842566e-01 -3.896381449689077098e-02 -1.023708042262421875e-01 1.328394870659360683e-01 6.989209211539047784e-02 -6.769819686783855317e-03
-4.651985236186166953e-03 -4.414122674981183631e-02 3.989614228163944343e-02 -8.194690460634023246e-03 7.068496531451616723e-03 -4.890874890503697781e-02
6.145573993634761284e-02 5.529521357149546484e-02 5.380495013197427595e-02 1.377364698785658176e-02 6.545041592713262725e-03 -3.777605642599335140e-03
-2.544049082557494137e-02 3.229728742194892116e-02 -4.278924293477562486e-03 -9.556172396009534123e-03 1.161207176790292755e-01 -3.195990500182248339e-02
-4.922998747024155686e-02 4.626955922240486713e-02 1.099616633444441688e-01 -1.093096599509381789e-01 3.733237003773790669e-02 -9.324671570510799368e-02
-1.352537134059707572e-03 -4.956106227971663475e-02 5.143558468955955129e-03 5.601895787229092122e-02 -1.397861660843052571e-02 1.672532225740521600e-02
-6.710128788580196901e-02 5.732296602415416081e-02 1.179678997964465730e-02 4.795481862103746773e-02 1.600426294826611537e-03 1.352372988730421721e-01
-1.955565565031340547e-02 -1.287553743951297680e-01 6.810732671189957677e-02 -1.341620579589880846e-01 -4.534894344745953737e-02 -1.402522718554011782e-01
1.026715874511313908e-01 -1.741292467563348989e-02 -8.537027423305344753e-02 6.885569012727307293e-03 -7.810814952811370726e-02 5.810212872172155346e-02
1.103163233713650299e-01 6.685330092459688955e-02 -1.004288109428248393e-01 -8.118485112494992773e-02 -5.162035550105348314e-02 3.320451813019294901e-02
1.964025195373562613e-02 -5.555985979857738788e-02 -3.371469802029514618e-03 -5.118563947715153856e-02 9.528862474185674503e-02 -9.533486133376642413e-02
7.704896013172746194e-02 6.732740537191603258e-02 -2.056732670330446364e-02 -1.793201924136830078e-02 1.969281144963516694e-01 -6.995536512234233617e-02
-4.937870973812569231e-02 -6.411432124974442148e-02 -4.314797970770285068e-02 -1.226796720098805443e-01 -1.075962912655772973e-03 -6.833923652309754904e-02
7.567007463170039028e-02 -6.486026898481352457e-03 -2.726681107497697792e-02 4.193794564436360145e-02 -2.668125544492074355e-02 2.291006931860185489e-02
2.564233739203080481e-02 -9.969273630895497673e-02 1.709687505111530739e-02 2.630555053617227718e-02 -5.981276131560718523e-02 -3.391926453371676975e-02
1.613127517242300690e-02 1.150186558471814752e-01 4.237766895725901886e-03 -1.647132965616735986e-02 2.027749310688807885e-02 5.728593138546911323e-02
9.521930838807202147e-03 3.420312563799219122e-03 4.969743036349642817e-02 3.945707624624200660e-02 9.960947457753593914e-02 -1.098491698259617538e-02
5.918177285500646201e-02 -1.315197367108452385e-02 1.676509170874215457e-02 -2.371255159882715638e-02 -4.286070850041305558e-02 -1.723971244136068490e-02
1.313426928813876161e-02 -3.180721613422743399e-02 -4.144786406657548911e-02 4.820463550175085182e-02 3.920738748400010715e-02 4.180663800340185532e-02
2.174510878998265478e-02 4.322170350808428319e-02 9.076267738227573878e-02 -3.214005068143565430e-02 -4.205984700843638617e-03 -2.302011959147853837e-02
-7.780404280855945931e-02 -2.456031966891419061e-01 -7.141661845085627014e-02 4.460178609581713638e-02 1.829392606664036885e-02 -3.363606660413444999e-02
9.091141355535357904e-02 3.010683380872321291e-02 1.767417627756941445e-01 -2.591166658586841615e-02 4.149281418542749567e-02 -1.389184827151759560e-01
8.919691422796054148e-02 -6.718234108398798976e-02 5.412470152819150171e-02 -4.962571081294574193e-02 -4.229938620175313808e-03 -4.199247261211060817e-02
2.140197698454254088e-02 -3.993787942062264340e-02 1.250019560567280086e-01 1.282104759013666384e-02 -4.293841956726694026e-02 -2.614031762544727008e-02
8.773797997116912495e-02 -1.138656476053129252e-01 1.126476989501382954e-02 3.025700606981069837e-02 -1.917955303509995615e-02 -5.687073594641973290e-02
-1.144482157300883568e-02 -6.970710542086641648e-02 8.658024111236897746e-02 2.613187449826514380e-02 -4.671289178879203807e-02 8.670196822328635200e-02
-5.594983770762412129e-02 -4.859171038366909279e-02 -7.448600232924337816e-02 1.611825225080791221e-02 9.498761500151806092e-02 8.275603166920544873e-02
9.976652710663749812e-02 6.074460463285835665e-02 -1.601356425910307676e-02 -1.064983094601337776e-01 -6.729669885448463784e-02 -4.598959391738045854e-02
3.065906661051157056e-02 -3.768236443730291207e-02 -9.979094514570416644e-03 1.931218509302154440e-02 2.661706746353781350e-02 -2.749605006207163360e-02
-4.311959319684109671e-02 -2.344763056277330074e-02 -4.717072577757267654e-02 -3.286214361210181706e-02 1.804321886200030423e-01 -7.848937403961536718e-02
-1.250556064984093829e-01 6.802350307028148108e-03 7.881526342861135126e-02 -6.618216665084863948e-02 1.479789436211750298e-01 -5.675226055436396327e-02
1.141341200326606749e-02 -4.499734754044287799e-02 -3.171636367979954740e-02 -3.650277941451121611e-02 -3.138890581384513184e-02 4.235819631239334283e-03
2.915606539553160584e-02 -1.240338141854771883e-02 2.247522323180958792e-02 5.858219337934514326e-02 1.442408143073264926e-01 -4.117236963358260338e-02
1.114022158525335982e-01 -1.504976884630752215e-02 1.039622230262747873e-02 1.335206507847891411e-01 -6.790225645033748196e-03 3.483993224167080544e-02
-3.510296115407881418e-02 -1.799593235013713377e-02 1.062264034799844867e-02 1.590800070889759610e-01 1.626020098569602168e-01 6.157620326897080693e-02
-5.761912959561420189e-02 -8.067969456612937573e-02 -4.658495384169050041e-02 -3.256845331985329384e-02 1.296083383153012747e-01 -1.587674845337960078e-02
-3.076636964070867536e-02 -1.061820243084529575e-01 -3.882791810640556091e-02 3.642770758756869176e-02 3.020204221179433740e-02 -5.007378097109053267e-03
6.191431242854872341e-02 -1.275524859650371545e-01 5.059278791233947671e-03 7.126944745871978404e-03 -1.250391837482612845e-01 -4.815575642040424015e-02
-3.337570276779806139e-02 2.752597493878179008e-02 8.997703893259233199e-02 -7.458241442587314196e-02 7.690235633508896163e-02 -8.946611568429409245e-02
2.003346795731025809e-02 -6.150487104340626732e-02 -2.845179038440783306e-02 -8.179663644779778392e-03 2.953291512306200489e-02 5.401088125934411233e-02
1.292194465641205714e-01 -1.043079743575428021e-02 -3.547812905322439425e-02 -1.033433755237712082e-01 -2.132391466431371452e-02 -1.685312890279152404e-02
-7.429150063380016156e-02 1.269932614880509448e-03 9.901215935857216044e-03 -3.472515962462216499e-02 4.525265381261227987e-02 1.133493837354659084e-01
-1.914872566087000988e-02 5.614514995519116064e-02 1.332310002402437854e-01 2.244089086371229766e-02 1.039561161293189318e-01 4.640321367951065479e-02
1.081036667858465972e-01 -5.361451879439203816e-02 7.812611251257591677e-03 1.153790899771074685e-01 -1.003123633587643844e-02 3.543130225029826608e-02
1.578656656787876256e-01 -5.126334638092695101e-02 3.674588369456407641e-03 3.838991355964233715e-02 1.676973206904448233e-01 -7.593086346307205414e-02
-6.260301462348943913e-02 3.419527896736530848e-02 -6.779743841156607442e-02 -8.236702396386057223e-02 1.043684643746714130e-01 1.246860556733249970e-01
-2.979625582904999945e-02 -4.558726641615958725e-02 2.264320816973461326e-01 5.435995592960350675e-02 -2.387796106530530246e-02 5.532318425067041245e-02
6.269929740838811605e-02 -2.265971779547586717e-01 -5.072373990469992988e-02 3.678480222484008244e-02 2.225524396429312546e-02 -8.988322586921494023e-03
9.614637565115617679e-02 -4.993387854929969005e-02 -1.168004538672846454e-01 -4.185338266676339597e-02 5.735461916564279367e-02 6.062068603834210034e-02
3.151556485393726403e-02 -5.743529837529515831e-04 -1.514085951973223598e-01 -7.234178679978037207e-02 1.034992443788332675e-02 1.520889606605934918e-01
3.529201305223252094e-02 -2.207059264562841183e-02 4.511298807672552147e-02 -1.158741596270753023e-02 7.599406231438843307e-02 2.556803882211280618e-02
2.173462373000884310e-02 -1.427222383569261288e-01 3.328380150005246646e-02 8.209451758723151915e-02 7.057152670678847051e-02 2.430924656983050533e-02
4.834958065654113013e-02 6.500017496498095015e-02 7.911886350100265364e-02 -2.455080911338695243e-02 6.942233959628500706e-02 2.793616884044065538e-02
1.372945916518765186e-01 1.034273767490980975e-02 3.474426268283765940e-02 -2.045798362941408238e-02 1.032351204992440069e-01 -7.243975012028627813e-02
1.490240329398048180e-01 -1.718933164692757962e-02 -7.295663809065013050e-02 1.474990965323767344e-03 -1.022371833813595296e-02 7.654504083976347573e-02
-3.115202694229558464e-03 2.732961175143806126e-02 -5.321933184829099467e-02 -3.705158411694708248e-02 4.843238093831211261e-02 8.120804012302210162e-02
1.255284588961199689e-02 4.003331549944835061e-02 5.324685241906330913e-02 5.249508447380049625e-02 -1.900107275330108550e-02 1.177574381299080208e-01
1.095563565940930184e-01 -1.462696506466925339e-01 -6.344331853162282764e-02 2.740395590884937491e-02 -7.277265630677552666e-02 5.505498982728123519e-02
8.689093296569458391e-02 -1.861564866426654585e-01 3.714614035878487791e-02 9.851920425165854034e-02 3.982208438798449934e-02 -2.152845044647626327e-02
8.841692002928581984e-02 -6.421803797281993263e-03 2.812087336964756712e-02 4.844120001344873888e-02 1.317588275271714682e-01 2.272004397124265801e-02
-3.122688983501241064e-02 -7.275245519257220184e-02 5.917515295398777936e-02 -1.802157016938503041e-04 3.108806865987309015e-02 7.693339594647195800e-02
1.798913682579882933e-01 -5.363827740109321229e-02 9.181675585351209423e-02 5.671783868216420665e-02 2.145980837616089792e-02 -4.902228378412937931e-02
1.038420691135146789e-01 -2.673185859921574370e-02 -1.479024130846820842e-02 1.402374137081970236e-02 -5.802335801486446787e-02 9.253234237791585493e-02
1.787586936011066607e-01 -1.022767446377205805e-02 -4.175139680907761358e-02 -9.102259062739691611e-03 1.405722937116971605e-01 -5.784029683680069756e-02
2.595831803236182261e-02 -9.515211530116174030e-03 6.695695062996909197e-02 -6.561416317150015054e-02 7.001904330965588036e-03 1.554272158021255228e-02
6.336087431098814948e-02 1.323317294078899670e-02 1.313201509836393055e-01 -3.555449287606044645e-02 1.584727222259136314e-01 -8.052956330231447746e-02
8.314081882265569878e-02 -9.520702313374392045e-02 -1.221036532685754045e-01 -9.282204723351546172e-02 4.532410434724629122e-02 -4.033220821620370385e-03
4.814091503882272916e-02 8.981797837772767523e-02 3.082295898859279196e-02 -2.459816803143805020e-02 2.001206656948254503e-01 -4.343314517462879693e-02
1.176099800390833922e-01 6.816072907289867644e-02 -4.502813216553535475e-02 -1.547304615645317127e-01 -6.778346921468531017e-02 -1.744891044056595675e-02
3.312322701311495171e-02 2.579719639217264299e-02 -7.689501440769647839e-03 -1.005186935848095958e-01 2.896391786653315301e-02 6.867024118272889444e-02
9.115848973221624130e-02 -1.957697193811762382e-02 5.686083488179815779e-03 -4.012822609784537364e-02 -3.463306919274282414e-02 5.675619604498352566e-02
1.085286109476483150e-02 7.691255136279470488e-03 1.588249125838499948e-02 -1.516417031010192096e-01 -1.992554382736463556e-02 -1.187862256265950593e-02
1.131711904616619219e-01 -1.679172527491238492e-02 -6.262608683363456163e-02 -8.849384403820483025e-02 3.757443232166979979e-02 5.225337866532358709e-04
-2.312602068243831827e-02 8.983303158491783708e-03 7.303950946719439674e-02 -1.225008632103086539e-03 8.141540864906071651e-02 -6.740189486415062992e-02
9.639002808233328168e-03 -8.681696329109613725e-03 6.194077364806771513e-02 1.433512145892616163e-01 5.793571110819866702e-04 5.496109207293129600e-02
-5.629019155897419663e-02 -6.128461197315334535e-02 -1.070478809803512565e-01 -5.336023118617515271e-02 -2.258843612686325941e-02 3.103668599538975462e-02
-5.456161540971207757e-02 -1.599196121821317915e-02 1.053578010830612255e-02 -2.781339536893314562e-02 3.377470800355621139e-02 -2.231530380980763922e-02
-1.462403076281871585e-02 4.418757684074565983e-02 1.896867152869266071e-03 6.152021914112713874e-02 -2.137608126958717020e-02 8.258567656103829591e-02
4.578354424035632059e-02 -2.546436442422736045e-03 -6.080679848504156465e-02 -4.316622145080566131e-02 6.127249185182533087e-02 -6.477696292298679159e-02
-3.800879633691799792e-02 -2.277172960564337323e-02 -1.506218364885676848e-02 2.903861475591008531e-02 3.931040449364812950e-02 1.972608535846539710e-02
-3.511949632853297865e-02 5.077663297944529086e-02 -2.275408940999475854e-02 -4.268860751106605400e-02 5.362210379480899375e-02 3.180931637987224805e-03
-1.018005564701062182e-01 -4.691415313532573683e-02 8.030683795643724782e-03 -2.952914473001610335e-02 -5.433810114676056700e-03 1.450113991420250202e-03
-2.732093383895941099e-02 -7.829887726314369023e-02 -5.596089291165665808e-02 3.649520367324571996e-02 -1.504732226623707418e-02 2.414672028301813669e-02
-6.318707727670692942e-02 -2.188645737208896533e-02 5.355537364189889848e-02 -3.603746763441201956e-02 -4.002685338612179539e-02 1.899965043334462533e-01
-7.453314746125465351e-02 9.868747317311890588e-02 -1.489505962699056406e-02 3.421043989323776374e-02 -1.295916977868170894e-01 -1.104116202809969777e-01
-3.072144095012143208e-02 3.446680924302769882e-03 -1.258639457309844167e-01 1.105439082670901796e-02 1.646939451222695014e-02 7.711612281296216509e-02
-3.166151957483968882e-02 -9.503653148230341297e-02 -6.150784022521457034e-02 1.357021301119841483e-02 9.210362736757950197e-02 -1.807021231727395927e-02
2.047937555444010252e-02 2.602676849984091045e-02 1.324988201974968381e-02 -6.622197212579125636e-02 -4.001230470171623227e-02 -1.696140249918961368e-02
2.423210699497792969e-02 6.367448637537968803e-02 -9.421665215455666403e-03 2.849647561737187612e-02 2.686419711541890992e-02 3.724969622305648875e-02
2.028286880342267118e-02 -1.571112806141233831e-02 6.889727554190506857e-03 9.892704770531406122e-02 2.045893284907163157e-02 3.917581679442427856e-02
-5.127024216114368232e-02 -6.367159550970405424e-02 1.296920295462290068e-02 -3.153630285880017897e-02 1.429949200573887511e-02 -3.444709705859593657e-02
-7.074734110972240309e-02 5.800233577002661400e-02 -1.443640836880311085e-01 -2.340108506129956467e-02 8.950399838055915491e-02 1.025542097943404202e-01
-5.229249439934014615e-02 6.609663731764503503e-02 -2.527148891887896764e-02 -1.853372778686506947e-02 3.357164893201507183e-02 5.427075536333261091e-02
-3.150635243509888623e-03 -1.173453302528673220e-01 4.686304878785873401e-02 -3.628227183020542226e-03 3.568187507813351533e-02 -1.285628962522329666e-01
3.569986302921296373e-02 -9.362749472036718812e-02 1.132019863602166596e-02 1.344974446403555124e-01 6.895393177361471004e-02 -1.061105428225719849e-02
9.953069601315292850e-03 -6.788189834268941458e-02 -1.124888911455122625e-01 -1.347438794080755564e-01 -4.463495614308210686e-03 -6.765040283691553524e-02
3.246920401450771425e-03 -1.065367736281235961e-01 9.054108995014718830e-02 8.667489721096367783e-02 3.418407900372352239e-03 -2.930015915962842776e-02
-1.335683568624212222e-03 2.458494196501993106e-02 -9.721967389817308403e-02 -3.214184591297569726e-02 -7.452461182598933871e-03 5.181374311603670346e-02
1.016536454321702865e-01 9.198499324717436532e-02 2.082401223675197071e-03 -2.842404319290007392e-02 5.005362358677475226e-02 -4.220206887389523626e-02
-4.635322819656530896e-02 4.982093813727139775e-02 -6.086156525177267851e-02 6.280449349686296860e-03 5.478448026302696477e-02 8.656951334733359316e-02
9.514995535826713258e-02 1.278671815586870930e-01 3.648302052439995891e-02 -2.395891956595045530e-02 -1.037311956732455374e-02 7.754587273928417344e-04
1.187617890407340893e-01 4.347849062878519216e-02 -1.032688300055452091e-01 -8.609221072178188661e-02 4.747537052469139041e-02 -7.047730594977563712e-02
