1.650553061603826284e+09
1.650553063281825781e+09
1.650553063580842495e+09
1.650553063922365427e+09
1.650553064349403381e+09
1.650553064856144905e+09
1.650553065411497355e+09
1.650553066036262512e+09
1.650553066779222727e+09
1.650553067674437523e+09
1.650553068544216633e+09
1.650553070948802233e+09
1.650553071979181767e+09
1.650553073097459316e+09
1.650553074301103592e+09
1.650553075733445406e+09
1.650553077231855392e+09
1.650553078939504623e+09
1.650553081242348433e+09
1.650553082744740248e+09
1.650553084580515623e+09
1.650553087510377407e+09
1.650553089033041477e+09
1.650553090577069283e+09
1.650553092202519178e+09
1.650553093872983217e+09
1.650553095616633415e+09
1.650553097407651901e+09
1.650553099293185472e+09
1.650553101254656553e+09
1.650553103313764095e+09
1.650553106535377502e+09
1.650553108692808867e+09
1.650553110961012125e+09
1.650553113338140726e+09
1.650553115761400223e+09
1.650553118267220259e+09
1.650553120866501093e+09
1.650553123554079294e+09
1.650553126307670593e+09
1.650553129113826513e+09
1.650553133099375248e+09
1.650553136096462488e+09
1.650553139176571846e+09
1.650553142318504810e+09
1.650553145580535889e+09
1.650553148997329950e+09
1.650553152381259918e+09
1.650553155895289660e+09
1.650553159578048944e+09
1.650553163256684303e+09
