1.650493963733452797e+09
1.650493965688991070e+09
1.650493967210035801e+09
1.650493969067944527e+09
1.650493971341477156e+09
1.650493974042609692e+09
1.650493977545587540e+09
1.650493981494820356e+09
1.650493985721186161e+09
1.650493990547404051e+09
1.650493995622258663e+09
1.650494002280083179e+09
1.650494008519589186e+09
1.650494015267885923e+09
1.650494022326413155e+09
1.650494029957691431e+09
1.650494037784528494e+09
1.650494046220980167e+09
1.650494055305971384e+09
1.650494064498597860e+09
1.650494074736418486e+09
1.650494085956976652e+09
1.650494096358628035e+09
1.650494107352552891e+09
1.650494118870530367e+09
1.650494130701498032e+09
1.650494143123943329e+09
1.650494156071525335e+09
1.650494169661076784e+09
1.650494183221991777e+09
1.650494197578311205e+09
1.650494213847133636e+09
1.650494229674958706e+09
1.650494245254049301e+09
1.650494261014364958e+09
1.650494277267660141e+09
1.650494294614467621e+09
1.650494311659534693e+09
1.650494329267461777e+09
1.650494346997183800e+09
1.650494365898255110e+09
1.650494384786212206e+09
1.650494399445687771e+09
1.650494413710125208e+09
1.650494428893662453e+09
1.650494444464210510e+09
1.650494460087984562e+09
1.650494476258802891e+09
1.650494492504895926e+09
1.650494509466325283e+09
1.650494526581892252e+09
