1.650552928846875668e+09
1.650552930170763254e+09
1.650552930479940891e+09
1.650552930871850491e+09
1.650552931378584385e+09
1.650552931951700449e+09
1.650552932642110348e+09
1.650552933447411299e+09
1.650552934388237238e+09
1.650552935401773930e+09
1.650552936612492800e+09
1.650552938957165718e+09
1.650552940314183235e+09
1.650552941733455658e+09
1.650552943430926085e+09
1.650552945251439095e+09
1.650552947066286087e+09
1.650552948835051060e+09
1.650552950763146162e+09
1.650552952770092726e+09
1.650552954880103827e+09
1.650552958546124220e+09
1.650552961085537434e+09
1.650552963509764194e+09
1.650552966122519732e+09
1.650552968810524940e+09
1.650552971883269548e+09
1.650552974688030005e+09
1.650552977644627094e+09
1.650552980753112555e+09
1.650552983895227909e+09
1.650552988310869932e+09
1.650552991708870888e+09
1.650552995170651913e+09
1.650552998808221340e+09
1.650553002535859823e+09
1.650553006305933475e+09
1.650553010180107594e+09
1.650553014253105879e+09
1.650553018378323317e+09
1.650553022658508778e+09
1.650553028307784796e+09
1.650553032865132332e+09
1.650553037494740963e+09
1.650553042236514330e+09
1.650553047320095778e+09
1.650553052473877430e+09
1.650553058023884773e+09
1.650553064519578218e+09
1.650553071291522264e+09
1.650553078303630590e+09
