1.650493956257019758e+09
1.650493957994461298e+09
1.650493958665801287e+09
1.650493959554684877e+09
1.650493960656706810e+09
1.650493961991042137e+09
1.650493963588519573e+09
1.650493965739309311e+09
1.650493968184693575e+09
1.650493970901370049e+09
1.650493973988611698e+09
1.650493979268391848e+09
1.650493982820392370e+09
1.650493986885956764e+09
1.650493991108041048e+09
1.650493995609256983e+09
1.650494000375621080e+09
1.650494005537382364e+09
1.650494010883173227e+09
1.650494016531369686e+09
1.650494022512721777e+09
1.650494030631606579e+09
1.650494037466732502e+09
1.650494044499080896e+09
1.650494052042584419e+09
1.650494059654574156e+09
1.650494068245504856e+09
1.650494077018633842e+09
1.650494085846644402e+09
1.650494094879774094e+09
1.650494104447242022e+09
1.650494116239790440e+09
1.650494126262784958e+09
1.650494136761785269e+09
1.650494147885326385e+09
1.650494159386142731e+09
1.650494171305814981e+09
1.650494183239991903e+09
1.650494195883740187e+09
1.650494208588148594e+09
1.650494222604945898e+09
1.650494238087256432e+09
1.650494251874979258e+09
1.650494266259551525e+09
1.650494281039191723e+09
1.650494296599784136e+09
1.650494311974201918e+09
1.650494327904943466e+09
1.650494344444766521e+09
1.650494361252887487e+09
1.650494378647029400e+09
