1.650554044608239174e+09
1.650554048396784782e+09
1.650554050913002491e+09
1.650554054285326242e+09
1.650554058584432840e+09
1.650554063845942020e+09
1.650554069987988234e+09
1.650554076991297722e+09
1.650554084996999502e+09
1.650554093799097776e+09
1.650554103531682730e+09
1.650554116070352554e+09
1.650554127708019257e+09
1.650554140452539444e+09
1.650554154543273211e+09
1.650554170000983000e+09
1.650554185977846861e+09
1.650554202886900663e+09
1.650554220625088692e+09
1.650554239386487961e+09
1.650554259112299681e+09
1.650554281815806866e+09
1.650554303591764688e+09
1.650554327824068069e+09
1.650554352211015701e+09
1.650554376487714767e+09
1.650554401834445238e+09
1.650554428220051765e+09
1.650554455433349848e+09
1.650554485614994764e+09
1.650554515345008373e+09
1.650554548685220242e+09
1.650554580170694828e+09
1.650554612619041204e+09
1.650554646695349693e+09
1.650554683202044487e+09
1.650554720250519753e+09
1.650554758424786091e+09
1.650554796177709818e+09
1.650554834454987049e+09
1.650554873196636677e+09
1.650554916721906424e+09
1.650554958543874025e+09
1.650555000966407776e+09
1.650555044700771570e+09
1.650555087932239294e+09
1.650555132241241693e+09
1.650555177177386999e+09
1.650555223281964302e+09
1.650555270828345537e+09
1.650555323412579298e+09
