1.414864095296533841e-01 9.716999531537109380e-01
3.768185033715873988e-01 6.724251063960271502e-01
6.699034560437928665e-01 4.211050499724343643e-01
4.043615582880603632e-01 3.095537363693125488e-01
8.265940307123976760e-01 1.829656314560610675e-01
9.391723011110077179e-02 9.089865795463399067e-03
6.890337850732332070e-01 8.957779989511545082e-01
4.536942668399832623e-01 9.330822244458376602e-01
6.049388570818812205e-01 8.335147805637811436e-01
9.961316617233276771e-01 5.182410295670435429e-01
9.568714993938272073e-01 8.461737702422206242e-01
5.427031138089862816e-01 3.698163900783291158e-01
2.985921334741949984e-01 6.853043501009823402e-01
3.281431202173303863e-01 1.133772006429527995e-01
5.023143953960191865e-01 6.252231311800953151e-01
2.148637707143563613e-01 3.221556838069155049e-01
1.617806877217130568e-01 2.690899534263410664e-01
7.556705987512633005e-01 2.124345447293891909e-01
6.298774013318983456e-02 4.591282318457250433e-01
7.827999500261527688e-01 5.479245005045968453e-01
2.578644610216298538e-01 4.636759585937519357e-02
8.627098612193597749e-01 7.604253900101528574e-01
9.053107934304621685e-01 7.413070047256627992e-01
5.823632488433463372e-01 5.629792107176423421e-01
3.159413025260289498e-02 1.318770619546454359e-01
