1.559604509105495806e-01 4.931454931519257401e-01
5.291057935678354640e-02 1.412490794318422838e-01
2.064751938110975869e-04 4.320270413684979549e-01
6.365754938674380581e-01 7.500096572155741104e-01
8.610865616827934055e-01 7.512021450128227029e-02
9.101691480761045505e-02 4.826891305857120007e-01
7.095391577508326497e-01 1.176974601139410825e-01
8.843401929387124660e-01 7.419472975152393568e-01
6.519273229121810287e-01 4.606463258665314808e-01
3.427393307806258504e-01 1.601124799377953711e-01
4.198277210997148345e-01 4.268199677160461891e-01
5.512549997688117598e-01 2.885512045690316052e-01
7.380899158941484073e-01 1.732032087679180044e-01
2.310994135188568915e-02 2.318081603662489054e-01
6.481586253964498612e-01 4.778497866450725495e-01
7.603837702975977386e-01 2.108909430775545712e-01
4.708463253588486275e-01 7.905035947907884664e-01
1.819290641944615039e-01 4.152986592445870317e-01
3.546172025453336318e-01 4.388353937241653430e-02
6.570761741708885939e-02 8.378435850370274940e-01
1.614094394613397043e-01 3.616228047203082774e-01
6.640474314968866087e-01 3.128261688871079027e-01
9.756118863613499892e-01 3.440437351704038194e-01
2.889835358607643068e-01 9.963634761325746991e-01
7.181974566967503915e-01 8.149759822274670329e-01
5.161231545010166455e-01 5.342676293063880477e-01
7.819234983888752044e-01 2.946885728662344550e-01
5.957641014361952925e-01 6.829182638467429234e-01
3.058147090104769705e-01 2.742688446087735571e-02
2.462397405114755966e-01 3.270944088639742842e-01
3.809165361292548568e-01 3.015226141523729697e-01
2.690950795952833929e-01 6.549224294549523817e-01
7.577405027592510889e-01 1.538499481385451409e-02
9.047642384122056569e-01 2.488534210074082875e-01
6.800358908794403856e-01 4.560824046510451035e-01
7.945908490862154672e-01 5.799942362650317706e-01
4.836558643585089357e-01 5.825640609773130585e-01
3.601251594333232942e-01 6.978052944083544817e-01
2.747272544196583399e-01 4.422982355286931289e-01
3.782830504279358075e-01 9.387222871073036545e-02
5.634546246678469039e-01 8.681922172868011822e-01
2.261695026123896335e-01 1.248980873032035366e-01
5.809596917460662091e-01 6.128679855691172573e-01
8.139233620570355265e-01 5.582039330187534842e-01
6.018934122287431521e-01 1.820503075496879286e-01
4.584309037753697691e-01 9.202807016645229155e-01
3.365845078517487599e-01 6.648618060929788465e-01
1.736657780606679913e-01 1.035517627918603606e-01
1.060918347396483559e-02 6.488008361220439779e-01
5.022110360891433034e-01 3.833664360299913199e-01
1.413995946045505381e-01 1.949629539508750120e-01
4.066971986349397494e-01 6.228320106269771839e-02
9.213095030356686088e-01 9.116886136291815212e-01
1.236311467561673760e-01 3.738176687158248357e-01
8.514057753191538458e-01 2.629100083219565454e-01
6.904302335538093915e-01 2.078969609998782830e-01
6.163847317316318852e-01 8.865899996543543660e-01
7.440501540601790476e-02 8.047672019315744718e-01
4.027194549326105349e-02 2.274804724826005875e-01
9.369138851575303795e-01 3.964175074358968626e-02
9.807370765901300969e-01 6.070215805323383451e-01
8.079439170270085180e-01 1.310231313064471048e-01
6.295994494357595173e-01 9.342966871999736078e-01
3.990952795810402409e-01 5.995937271369981003e-01
1.050894966309776773e-01 5.271880423191011023e-01
2.045540422952539794e-01 6.339449675476980239e-01
7.235849577110973208e-01 7.006390410836238480e-01
5.378500633814466969e-01 9.430219668071636585e-01
2.170028332461149401e-01 3.956035311396779997e-01
4.249410299792933388e-01 4.014931906024788999e-01
9.975762637829364010e-01 8.966481048082699523e-01
4.388268600531007868e-01 2.548001936717341764e-01
8.493399855805562337e-01 8.268083398724249689e-01
3.220959838233896644e-01 7.138072032338713679e-01
1.342854755568070324e-01 5.365757178882653994e-02
8.248956670345022335e-01 7.834263845457288822e-01
8.527211626437360137e-02 5.421465250060532037e-01
9.484780361818465622e-01 1.493744214573025121e-03
8.357985672898641250e-01 8.750118210592826573e-01
3.164813403289426508e-01 8.532967143716845282e-01
7.497358150349796579e-01 9.530822574475185105e-01
2.506557886606154417e-01 7.293940779531346008e-01
8.707975519472173076e-01 6.299243439309193393e-01
4.451212038677060390e-01 5.033736526964003311e-01
9.146660173959663132e-01 5.180648688182224459e-01
1.987215193299585458e-01 2.793332310130833829e-01
2.972584804774376921e-01 9.683445739103251348e-01
4.916344596967516800e-01 9.035057024374287815e-01
9.510610640597514376e-01 7.366033079074276735e-01
7.709148229200079028e-01 9.707148066124534624e-01
5.286451231008565399e-01 5.625842037386590277e-01
3.465845040355019363e-02 8.553738123295709372e-02
6.789995245918547528e-01 7.768706939026946978e-01
4.664284852377507673e-01 1.565322667353165054e-01
1.153503495117177424e-01 7.629794750153660043e-01
5.408501421789180252e-01 3.575925817995946887e-01
5.704447769211949959e-01 3.326091041508287827e-01
2.316699325852755453e-01 8.487141681058915088e-01
9.647038683437152429e-01 9.898788834256943003e-01
8.960865414584466837e-01 6.726504741028201950e-01
