6.404220625739620587e-01 1.079021264829830851e-01 9.776062088838106678e-01 5.210237737534382241e-01 3.916755916718754893e-01 7.836113705694913723e-01
4.590999907582784395e-02 4.370501783359986847e-01 6.729576891008148820e-01 2.285193026995381294e-01 4.408130918932126052e-01 7.982212206413817623e-02
4.362428288095570594e-01 2.974612380807946377e-02 1.987650046153252303e-01 4.869333448255807051e-01 1.995177866055520555e-01 6.126975428675516255e-01
8.525072328278540112e-01 3.702236600219495077e-01 1.700985648453383001e-02 3.428845953906627386e-01 2.548040624880826277e-01 5.353696589381735649e-01
7.215080757035150505e-01 2.133745931908177795e-01 1.173183406016054114e-01 1.715123926524240172e-01 2.933842406506054906e-02 3.151016469814795218e-01
9.431541021665563740e-01 4.548597665364908504e-01 5.425562193843987968e-01 6.557800758774695593e-01 1.098944476877307674e-01 2.428214267276171401e-01
9.911189538173239555e-01 6.421561328369365107e-01 5.609476553810303079e-01 3.869818347350097443e-01 3.040726959121662354e-01 3.870249190201909828e-01
7.710461067408239666e-01 9.815685900024506694e-01 1.547749342881540591e-01 1.291680456888923412e-01 6.358279558719366342e-01 2.159768968290872587e-02
3.623983472259740823e-01 4.923776332771940822e-01 3.862920022710479850e-01 4.161575118703536580e-01 2.001395831519220958e-01 5.903579882650241556e-02
8.921123958522504394e-01 4.129859944728939136e-01 9.028279910714807066e-01 2.824490849567065642e-01 8.200343183820016923e-01 5.776670892885444886e-01
4.838499691912865330e-01 2.994032601211304434e-01 7.456567834570347886e-01 7.156762200469951596e-01 2.255030520689124407e-01 7.513710531208011023e-01
9.634206322292606650e-01 7.052026566928515372e-01 2.560791167027691717e-01 9.281183568309993026e-01 8.103277043851623285e-01 5.169133403218012512e-01
5.781671927466982552e-01 9.242705238242785448e-01 3.691537975607588340e-01 6.131097278194239664e-01 4.699794487326688919e-01 2.623098303526752995e-01
8.383038402246261178e-01 2.628453258257426040e-01 1.780603684391178498e-01 8.636355764140490887e-01 5.200084041674998270e-01 3.569804212868564752e-01
5.405944279638528194e-01 7.771710572753370849e-01 1.320361667243523107e-01 8.516121148239998995e-01 9.857125714267777061e-01 1.878033122238781383e-01
3.018152209540719277e-01 7.355869640435769297e-01 7.110275894113248230e-01 8.902789475164201161e-01 7.362660503511020416e-01 8.497942380638175142e-02
1.628878352865734680e-01 8.950818059673514293e-01 3.282157551110206350e-01 5.596772627212615037e-02 8.896613201192458131e-01 2.100110032981766517e-01
6.794183155564941234e-01 8.756792383304863314e-01 2.365527860369056046e-01 9.614305300432834933e-01 7.646753874900703574e-01 8.953007219734699929e-01
3.800912974429949132e-01 8.314086890629712734e-01 8.564706758473240866e-02 6.756547951188146550e-01 7.429576036887857171e-01 4.757602131812750934e-01
6.142710313377388598e-01 7.578013452965694230e-02 6.425787065734254178e-01 6.224248602575547240e-01 5.036176066295577902e-01 2.895314330316877127e-01
7.164764986914096134e-02 6.611461652831360780e-01 3.480065987001315642e-01 4.715554930277711110e-01 5.859652001863716597e-01 7.327152297637375966e-01
1.178529244831950096e-01 1.706497109365376075e-01 5.309111532224897179e-01 9.135163377995901834e-01 6.530814027634964658e-01 6.625687815129677194e-01
8.182160286642400360e-01 7.453123377650271442e-01 4.632124251330624332e-01 5.731610195430364429e-01 2.694415955481141989e-01 9.824575013738428009e-01
2.792450640253932859e-01 2.502321509458120818e-01 8.634702041301807185e-01 3.366796376944202751e-01 7.109388795900563052e-01 2.348382730841680199e-01
9.274814632221856092e-01 5.444278158178923466e-01 7.837355705155792940e-01 9.963009051926086102e-01 8.708580648574718586e-01 5.787142879538176125e-03
5.288157388718539575e-01 3.325340897771853488e-01 3.167861286750526389e-02 1.285950874910721069e-02 5.559654031494964954e-01 9.080335414276916595e-01
1.519046390591079210e-01 6.836215483956954442e-01 4.548624187317040768e-01 2.444634999847568879e-01 9.569725001220080740e-01 9.633939731571576903e-01
9.180558778043793056e-02 2.344385324605851306e-01 5.931093530737199249e-01 5.511081358610044889e-01 3.461585593746352441e-01 8.719462103912293260e-01
7.820143197076869779e-01 8.071335276918450985e-01 8.125250680770098599e-01 8.394690216489847367e-01 9.620619436218190712e-01 9.220624225929425766e-01
1.957565164818271808e-01 1.547537580494993958e-01 2.014555205403548155e-01 5.184535973580962631e-01 9.370832210279455010e-01 5.826649151504825763e-01
3.357053974446281286e-01 9.144721193816767943e-03 9.566636219564422783e-01 2.829120408708585277e-02 3.234974528366809099e-01 4.197665154785058528e-01
8.657159120827790932e-01 5.024518957143725428e-01 5.043770274870894577e-01 6.466669930437969616e-02 7.995292039158047315e-01 1.647085741674802206e-01
6.341985665466849387e-01 3.494989978340634629e-01 9.810203527456441419e-01 7.574649911911823796e-01 4.149111550278126170e-01 5.542730770067713086e-01
9.145594863644600503e-01 7.962132355907758363e-01 7.763161002851195480e-01 3.124372148642249880e-01 4.887066821146610757e-02 3.283303364736406271e-01
2.034993052024762494e-01 3.087122185805926677e-01 6.792686607862245818e-02 8.507022863365180931e-02 1.508037360441429608e-01 1.259769364524608026e-01
5.185264116022016978e-01 9.726563510519541378e-01 5.168817917024031566e-02 5.932960152129684861e-01 8.545826682770878424e-01 6.957804315453125499e-01
4.413034443261990569e-01 6.035278963832275689e-01 2.882457860840648145e-01 8.099798913362188379e-01 6.711648261098115409e-01 6.407133786521791441e-01
4.135315912508575331e-01 1.366468692641432392e-01 4.068523443945299967e-01 7.292046044390031456e-01 9.650115525540896300e-02 8.188942380068803262e-01
6.880364649411927491e-01 5.211112697232848090e-01 2.671613966838015664e-01 3.616346509733402437e-01 1.611780084458890594e-01 9.596699628560297901e-01
2.455879148369134735e-01 9.552102840681679918e-01 9.363018060972669865e-01 1.418486701630835845e-01 4.378483975233157244e-01 1.517108229179362222e-01
2.720604431432179643e-02 4.495538371801988120e-02 8.341003276293408319e-01 1.810880288187466658e-01 1.210962356271305940e-01 7.018451963234149105e-01
2.303120170284219392e-01 9.457587842702178116e-02 4.282272086858070481e-01 9.544601075614645991e-01 5.650944089451676033e-01 6.363831240260512390e-01
7.139450822093768023e-01 5.813525865334291387e-01 4.885918795693103278e-01 4.424653660409029743e-01 6.935200907479212029e-01 3.783230823428109790e-01
7.558379233273232467e-01 6.334994809845226893e-01 6.226994134338298403e-01 6.861113898217122697e-01 3.654073856166248913e-01 4.978064643196911665e-01
4.686130022270748596e-01 4.641946800814904517e-01 6.886826497696829641e-01 7.747775105537499929e-01 6.140075668492247507e-01 8.239796063674375004e-01
1.695839906761180751e-02 5.604999550679431453e-01 7.235531437584323822e-01 2.188947533076937846e-01 9.077401925031809427e-01 7.689967055991204781e-01
3.525242055838229138e-01 1.968697982341234276e-01 8.574643632844178853e-01 1.198209645094643616e-01 7.129243068491822322e-02 1.128103142153096122e-01
2.916298938728443257e-01 9.199254334794639831e-01 8.950938325179892407e-01 2.687047883765141254e-01 4.886233126998340559e-01 4.405468458181771574e-01
5.985517560692183991e-01 3.864104356140517504e-01 3.111824846307119641e-01 7.916914741399045941e-01 1.169508998076134419e-02 8.560070113043449780e-01
1.331879837836266178e-01 8.473808555739250625e-01 6.195143937777944920e-01 4.256670222620568267e-01 2.893162235970350160e-01 4.276050709764138702e-01
