9.604408623838619485e-01 2.532200250075998804e-01 7.618197212189505851e-01 9.270856274861738466e-01
1.255409795723764210e-01 1.012273128200510547e-01 1.226387416400885333e-01 9.703305679075269197e-01
5.884830363615163318e-01 8.712418151323505500e-01 1.475447094641154921e-01 5.566483995729627487e-01
9.011447938558031501e-01 2.210516415553386016e-01 9.518843710247989476e-01 7.038669939005575138e-01
4.428479077754057247e-01 3.216685733983108419e-01 2.568780962029020842e-01 2.824343653917164576e-01
4.078626391678619179e-01 1.484002495635985963e-01 6.742160235961591752e-01 1.868757232881579633e-01
5.560752517948561180e-02 9.656568309444490961e-01 6.346702448547174580e-01 8.785659266713427007e-01
5.017685939849728660e-01 4.860511315711671387e-01 2.189479638347026080e-01 9.105383574587360140e-01
7.077706693737595596e-03 8.571352492165316139e-01 4.202713811935659960e-01 5.893100945044448258e-01
9.311707199929218637e-02 7.026335142299201530e-01 9.710131206879611954e-01 6.661762584500843243e-01
7.581211349070491323e-01 3.786975804063787421e-01 5.614275933116446016e-01 4.455790295722357741e-01
6.670574490087317621e-01 4.218943270760419084e-01 6.895767483148317334e-01 4.606336718444880890e-04
1.086535441753555403e-01 9.580221975907521337e-02 3.170460361373229063e-01 1.033993735835695704e-01
6.498770800321520547e-01 6.676469053210548621e-01 2.923316838949872043e-01 2.262747000993209356e-01
9.945996169481639004e-01 8.360669142992810388e-01 7.471648123810794573e-01 2.072386582538777722e-01
3.872110801260377766e-01 3.871668660741343082e-01 4.520948721890348798e-01 5.139989424792488215e-01
5.605414065182073857e-01 3.139215101962569143e-01 1.673260510697163750e-01 6.523771520749014341e-01
3.645086865872573245e-01 8.898302435469358507e-01 3.617676870362823149e-01 6.324978707986589344e-01
3.395776636317743291e-01 2.993499431008047607e-01 7.312739052083990776e-01 8.575311444640028036e-01
5.247367586840862019e-01 5.429856764910172551e-01 5.388726098906002626e-01 9.479632705246348046e-01
8.404971497913708012e-01 6.343690675234757714e-01 9.897701151748128368e-01 8.886509493145071659e-01
6.969743690722030038e-02 3.421282543564742595e-01 8.712283349578169300e-01 8.132193605753458288e-01
3.163630475044990065e-01 5.267883445101646522e-01 8.592291085869612211e-01 6.989571660724611668e-01
5.504227210348805466e-01 2.627258408291784364e-01 3.253496243484481631e-01 4.209291789047190369e-01
1.953068401395285092e-01 2.005032162881262847e-01 5.044462598664274378e-01 5.203894789278092903e-01
2.167184367541884205e-01 5.765915065907943893e-01 4.660112194797937368e-01 7.228541081930880408e-01
4.656139670749424586e-01 6.888133475180270582e-02 9.236891466980580168e-01 7.893642671327314453e-01
2.752020325133373024e-01 7.400017811863058848e-01 7.607922064423849884e-02 5.597933843936583886e-02
2.329908387988136320e-01 9.226132117962505541e-01 7.870301158049595180e-01 2.440796514032591291e-01
7.243582556098817626e-01 9.144905565389574997e-01 9.067668698154358609e-01 3.940127182363762914e-01
1.419401563086990503e-01 4.385317678286490550e-02 5.920671604945141331e-01 7.780243553790883171e-01
7.994209543568915333e-01 5.937059311661976313e-01 2.381222226769058037e-01 3.630371213176337708e-01
2.406577399131294148e-01 9.898358369089693687e-01 9.557870826473760517e-02 3.343116619248887728e-02
6.987012257386270297e-01 4.749778095306581571e-01 6.137534286221835167e-01 4.836126315086130556e-01
8.385523022562142437e-01 6.834699603826234204e-01 1.087445467340749927e-01 4.105755493601355166e-01
7.707659947843792381e-01 7.827049317308939491e-01 6.470331849395367652e-01 1.609874341487346761e-01
7.081022813011432770e-01 9.575530760978736566e-01 5.491113410819501439e-01 4.653376213108735837e-01
8.684050848595201710e-01 5.187609828525354683e-01 4.127269603042990065e-01 1.271966770564330607e-01
6.387503922488773078e-01 7.772421350011882168e-01 3.473857661390576945e-01 7.943973963943407046e-02
9.332313007266841431e-01 8.065008829896469500e-01 8.057709317547809835e-01 8.334413589942469835e-01
8.008673125380212365e-01 6.527834294206921184e-01 8.343943483174368625e-01 6.091238777397394166e-01
2.674729205574984808e-02 6.045517988979000057e-01 8.836899142769246707e-01 2.738487428431287674e-01
9.402496963252034989e-01 2.907416244169284264e-02 4.934607208871212847e-01 5.799774473472971703e-01
3.552202707674479987e-01 7.379489928510242214e-01 2.052201334591317178e-02 3.115147360646361441e-01
1.653387292710865319e-01 1.786768458044768748e-01 2.713864108425079746e-01 9.916713518984451303e-01
8.840576702950317944e-01 4.115063448997705042e-01 1.899147103077643561e-01 8.608653951307364272e-02
6.058513955477398127e-01 1.873890837643704677e-02 1.614924808143401724e-02 3.473692297343291546e-01
2.939492958647304532e-01 4.421537688452968906e-01 5.235113468962200589e-02 7.486543637335134616e-01
4.884452065972925694e-01 1.888865603859800624e-01 7.161573172291637590e-01 1.521217186160715440e-01
4.331829238264521265e-01 1.232190647144214002e-01 3.819828147143658481e-01 3.243945214234613683e-01
