9.177524762558445515e-01 7.034344394181901716e-02 6.497197328280204243e-01 8.988960727059081002e-01
9.586135199899692427e-01 3.282191596485024149e-02 4.699060784381352551e-01 2.631081829445873765e-01
7.578883457553486913e-01 6.135791818157673161e-01 8.734610948182204293e-01 5.590406135767351375e-03
1.529152015000459774e-01 5.390787773800290728e-01 1.041577665901647215e-01 5.784702122851018702e-01
8.403510579913602285e-01 4.171775826535638609e-01 3.733501778003413540e-01 7.522198103828159343e-01
5.448354196269461491e-01 8.973533957894304081e-01 8.866473157784935388e-01 8.575617154207110238e-02
7.709263562830875882e-01 2.377900148765930421e-01 3.985812612726135629e-01 4.043351084542857743e-01
4.005363735176094009e-01 9.260370905089790883e-01 3.768606811382444605e-02 5.462306981953887197e-01
1.988457796169976199e-01 4.119349640795249429e-02 5.607929154762288926e-01 6.172928151757379744e-01
6.528173420163470020e-01 6.263665532754717491e-01 7.899379739264845712e-01 2.400912810061347769e-01
8.878056304629369233e-01 3.747560482077570976e-01 6.142853872876792298e-01 1.194950900758006140e-01
4.207765866612189209e-01 9.550340121945957161e-01 6.855578682193125273e-01 8.772488905538219361e-01
2.579025905597303048e-01 7.583392275150547812e-01 4.345191398727454857e-01 4.799476903327273281e-01
6.743256217787286788e-01 7.700684488329776478e-01 8.520286832514742947e-01 5.864786998388730188e-01
7.089322543725673498e-01 2.681438028195027301e-01 6.249748004021732362e-01 3.244047259768021441e-01
8.073132822536708275e-01 8.210819453107963684e-01 9.060278867041517969e-01 4.945975520210103560e-01
1.389014832381053888e-01 7.995373525840099305e-01 2.781212208048464696e-01 9.966286478152294181e-01
2.689037343430469296e-01 5.468799849308070282e-01 8.054237774863932664e-01 7.186436639973148299e-01
3.548832974766621406e-01 6.991251079092709597e-01 9.460570043567529952e-01 3.161685422301442894e-01
1.769298374256991074e-02 8.014399737396503409e-03 9.259365494391162965e-01 4.340590125294054302e-01
6.847879442480097056e-01 5.169215177482162638e-01 4.781811013496629209e-02 5.228389331300558052e-01
9.325315263217527351e-01 1.141815843762080396e-01 6.726916799030816518e-01 3.459614611187699640e-01
2.917563972643567594e-01 9.835777356403397897e-01 5.180637185598969685e-01 9.635745563887537779e-01
4.565425561257490106e-01 6.574776133619794072e-01 7.005953217214602180e-01 4.518107464094166525e-01
1.603516478916769128e-01 3.103204013627057778e-01 5.998139447825304726e-01 6.935763756365761479e-01
9.741950079700827381e-01 4.983364734013482344e-01 4.506608409209020283e-01 1.816213062705711589e-01
3.991782142984248161e-01 3.285687490756976081e-01 9.974561878107788271e-01 1.625810789099187414e-01
4.960848169300722810e-01 9.003386759735412248e-01 3.435414470569134182e-01 6.570541700866536772e-01
5.343570627821893071e-01 1.371736001628387769e-01 2.520258741522365398e-01 9.252088406610077254e-01
7.832043015831111621e-01 7.043021866526940622e-01 1.675768179815509684e-01 7.851904501185492657e-01
1.035801995041452511e-01 5.604535553208769283e-01 8.355514423029543059e-01 5.031085543372713076e-01
5.835468685423654822e-01 8.498429142172032602e-01 3.140400547128797126e-01 7.605852477919239352e-01
6.087856106743233520e-01 4.298581502264740561e-01 7.764115412253138615e-01 2.857548505975889830e-01
4.697907715435651888e-01 4.626909607548199133e-01 2.271557451609962919e-01 7.306820532601470131e-01
3.601063078460064459e-01 9.679437218967629208e-01 4.890951062231770896e-01 2.342156949084658601e-01
3.262319900451253474e-02 8.679288043583468504e-01 1.811056833312713055e-01 9.417685174714036656e-01
8.667119669611454968e-01 1.522895936794593785e-01 5.430572761192887787e-01 6.290811177780750718e-01
6.323950468879764308e-01 4.454301690782751511e-01 5.207531496331919696e-01 8.391268559307292207e-01
5.008342746798515321e-01 5.994852838300247511e-01 4.086270010059465108e-01 3.625832084134025801e-01
3.354319776340002890e-01 6.636859026060309974e-01 7.211216747328308418e-01 6.708540445118774675e-01
5.606980230806865029e-01 8.733246695681913530e-02 7.578456534357727592e-02 1.453813595890265653e-01
2.170544047005784072e-01 1.871174224442780365e-01 1.259101811137095517e-01 4.323854242629632944e-02
9.153112605082296127e-02 2.528785376223463555e-01 1.458675909188964781e-01 6.245565421737646339e-02
3.055393230913634461e-01 8.075144255093873458e-01 9.511659543133408473e-03 1.392131328918917443e-01
6.390476032677622209e-02 3.989051564841091801e-01 2.031945676385217558e-01 2.184266905760148259e-01
8.273136413244891463e-01 2.170067757454981205e-01 9.257770454290495388e-02 8.005496386673520703e-01
2.336445842078798962e-01 1.673811016610259328e-01 9.771417575685918955e-01 8.587790370077457158e-01
7.321028729526523060e-01 7.321723019986794423e-01 7.400535882662668818e-01 9.108056447879991913e-01
9.879339869129046825e-01 2.862201602971800596e-01 3.331827714144073860e-01 3.085479226227089838e-02
4.095448933781423162e-02 3.543729435802880912e-01 2.819767771025494807e-01 3.802798907339153822e-01
